-8.50 11.44 -0.29 17.14
-8.38 11.26 -0.11 16.88
-8.27 11.09 0.06 16.62
-8.16 10.91 0.23 16.36
-8.04 10.74 0.40 16.09
-7.93 10.56 0.57 15.83
-7.82 10.38 0.73 15.56
-7.72 10.20 0.89 15.29
-7.61 10.02 1.05 15.02
-7.51 9.83 1.20 14.74
-7.41 9.65 1.35 14.47
-7.31 9.47 1.50 14.19
-7.22 9.28 1.65 13.91
-7.12 9.09 1.79 13.63
-7.03 8.91 1.93 13.35
-6.94 8.72 2.07 13.07
-6.85 8.53 2.20 12.79
-6.76 8.34 2.33 12.50
-6.68 8.15 2.46 12.21
-6.59 7.95 2.58 11.93
-6.51 7.76 2.71 11.64
-6.43 7.57 2.83 11.34
-6.36 7.37 2.94 11.05
-6.28 7.18 3.05 10.76
-6.21 6.98 3.16 10.47
-6.14 6.78 3.27 10.17
-6.07 6.58 3.37 9.87
-6.00 6.39 3.47 9.58
-5.94 6.19 3.57 9.28
-5.88 5.99 3.67 8.98
-5.82 5.79 3.76 8.68
-5.76 5.58 3.85 8.37
-12.15 15.46 -5.78 23.16
-11.99 15.32 -5.54 22.96
-11.83 15.19 -5.30 22.75
-11.68 15.05 -5.06 22.55
-11.52 14.91 -4.83 22.34
-11.37 14.76 -4.60 22.12
-11.21 14.62 -4.37 21.91
-11.06 14.48 -4.14 21.69
-10.91 14.33 -3.92 21.47
-10.77 14.18 -3.69 21.25
-10.62 14.03 -3.47 21.03
-10.47 13.88 -3.26 20.80
-10.33 13.73 -3.04 20.57
-10.19 13.57 -2.83 20.34
-10.05 13.42 -2.62 20.11
-9.91 13.26 -2.41 19.87
-9.77 13.10 -2.20 19.63
-9.64 12.94 -2.00 19.39
-9.51 12.78 -1.80 19.15
-9.37 12.62 -1.60 18.91
-9.24 12.45 -1.41 18.66
-9.12 12.29 -1.22 18.41
-8.99 12.12 -1.02 18.16
-8.87 11.95 -0.84 17.91
-8.74 11.78 -0.65 17.66
-8.62 11.61 -0.47 17.40
-8.50 11.44 -0.29 17.14
-8.38 11.26 -0.11 16.88
-8.27 11.09 0.06 16.62
-8.16 10.91 0.23 16.36
-8.04 10.74 0.40 16.09
-7.93 10.56 0.57 15.83
-7.82 10.38 0.73 15.56
-7.72 10.20 0.89 15.29
-7.61 10.02 1.05 15.02
-7.51 9.83 1.20 14.74
-7.41 9.65 1.35 14.47
-7.31 9.47 1.50 14.19
-7.22 9.28 1.65 13.91
-7.12 9.09 1.79 13.63
-7.03 8.91 1.93 13.35
-6.94 8.72 2.07 13.07
-6.85 8.53 2.20 12.79
-6.76 8.34 2.33 12.50
-6.68 8.15 2.46 12.21
-6.59 7.95 2.58 11.93
-6.51 7.76 2.71 11.64
-6.43 7.57 2.83 11.34
-6.36 7.37 2.94 11.05
-6.28 7.18 3.05 10.76
-6.21 6.98 3.16 10.47
-6.14 6.78 3.27 10.17
-6.07 6.58 3.37 9.87
-6.00 6.39 3.47 9.58
-5.94 6.19 3.57 9.28
-5.88 5.99 3.67 8.98
-5.82 5.79 3.76 8.68
-5.76 5.58 3.85 8.37
-5.78 23.16 -12.15 15.46
-5.54 22.96 -11.99 15.32
-5.30 22.75 -11.83 15.19
-5.06 22.55 -11.68 15.05
-4.83 22.34 -11.52 14.91
-4.60 22.12 -11.37 14.76
-4.37 21.91 -11.21 14.62
-4.14 21.69 -11.06 14.48
-3.92 21.47 -10.91 14.33
-3.69 21.25 -10.77 14.18
-3.47 21.03 -10.62 14.03
-3.26 20.80 -10.47 13.88
-3.04 20.57 -10.33 13.73
-2.83 20.34 -10.19 13.57
-2.62 20.11 -10.05 13.42
-2.41 19.87 -9.91 13.26
-2.20 19.63 -9.77 13.10
-2.00 19.39 -9.64 12.94
-1.80 19.15 -9.51 12.78
-1.60 18.91 -9.37 12.62
-1.41 18.66 -9.24 12.45
-1.22 18.41 -9.12 12.29
-1.02 18.16 -8.99 12.12
-0.84 17.91 -8.87 11.95
-0.65 17.66 -8.74 11.78
-0.47 17.40 -8.62 11.61
-0.29 17.14 -8.50 11.44
-0.11 16.88 -8.38 11.26
0.06 16.62 -8.27 11.09
0.23 16.36 -8.16 10.91
0.40 16.09 -8.04 10.74
0.57 15.83 -7.93 10.56
0.73 15.56 -7.82 10.38
0.89 15.29 -7.72 10.20
1.05 15.02 -7.61 10.02
1.20 14.74 -7.51 9.83
1.35 14.47 -7.41 9.65
1.50 14.19 -7.31 9.47
1.65 13.91 -7.22 9.28
1.79 13.63 -7.12 9.09
1.93 13.35 -7.03 8.91
2.07 13.07 -6.94 8.72
2.20 12.79 -6.85 8.53
2.33 12.50 -6.76 8.34
2.46 12.21 -6.68 8.15
2.58 11.93 -6.59 7.95
2.71 11.64 -6.51 7.76
2.83 11.34 -6.43 7.57
2.94 11.05 -6.36 7.37
3.05 10.76 -6.28 7.18
3.16 10.47 -6.21 6.98
3.27 10.17 -6.14 6.78
3.37 9.87 -6.07 6.58
3.47 9.58 -6.00 6.39
3.57 9.28 -5.94 6.19
3.67 8.98 -5.88 5.99
3.76 8.68 -5.82 5.79
3.85 8.37 -5.76 5.58
-5.78 23.16 -12.15 15.46
-5.54 22.96 -11.99 15.32
-5.30 22.75 -11.83 15.19
-5.06 22.55 -11.68 15.05
-4.83 22.34 -11.52 14.91
-4.60 22.12 -11.37 14.76
-4.37 21.91 -11.21 14.62
-4.14 21.69 -11.06 14.48
-3.92 21.47 -10.91 14.33
-3.69 21.25 -10.77 14.18
-3.47 21.03 -10.62 14.03
-3.26 20.80 -10.47 13.88
-3.04 20.57 -10.33 13.73
-2.83 20.34 -10.19 13.57
-2.62 20.11 -10.05 13.42
-2.41 19.87 -9.91 13.26
-2.20 19.63 -9.77 13.10
-2.00 19.39 -9.64 12.94
-1.80 19.15 -9.51 12.78
-1.60 18.91 -9.37 12.62
-1.41 18.66 -9.24 12.45
-1.22 18.41 -9.12 12.29
-1.02 18.16 -8.99 12.12
-0.84 17.91 -8.87 11.95
-0.65 17.66 -8.74 11.78
-0.47 17.40 -8.62 11.61
-0.29 17.14 -8.50 11.44
-0.11 16.88 -8.38 11.26
0.06 16.62 -8.27 11.09
0.23 16.36 -8.16 10.91
0.40 16.09 -8.04 10.74
0.57 15.83 -7.93 10.56
0.73 15.56 -7.82 10.38
0.89 15.29 -7.72 10.20
1.05 15.02 -7.61 10.02
1.20 14.74 -7.51 9.83
1.35 14.47 -7.41 9.65
1.50 14.19 -7.31 9.47
1.65 13.91 -7.22 9.28
1.79 13.63 -7.12 9.09
1.93 13.35 -7.03 8.91
2.07 13.07 -6.94 8.72
2.20 12.79 -6.85 8.53
2.33 12.50 -6.76 8.34
2.46 12.21 -6.68 8.15
2.58 11.93 -6.59 7.95
2.71 11.64 -6.51 7.76
2.83 11.34 -6.43 7.57
2.94 11.05 -6.36 7.37
3.05 10.76 -6.28 7.18
3.16 10.47 -6.21 6.98
3.27 10.17 -6.14 6.78
3.37 9.87 -6.07 6.58
3.47 9.58 -6.00 6.39
3.57 9.28 -5.94 6.19
3.67 8.98 -5.88 5.99
3.76 8.68 -5.82 5.79
3.85 8.37 -5.76 5.58
-5.78 23.16 -12.15 15.46
-5.54 22.96 -11.99 15.32
-5.30 22.75 -11.83 15.19
-5.06 22.55 -11.68 15.05
-4.83 22.34 -11.52 14.91
-4.60 22.12 -11.37 14.76
-4.37 21.91 -11.21 14.62
-4.14 21.69 -11.06 14.48
-3.92 21.47 -10.91 14.33
-3.69 21.25 -10.77 14.18
-3.47 21.03 -10.62 14.03
-3.26 20.80 -10.47 13.88
-3.04 20.57 -10.33 13.73
-2.83 20.34 -10.19 13.57
-2.62 20.11 -10.05 13.42
-2.41 19.87 -9.91 13.26
-2.20 19.63 -9.77 13.10
-2.00 19.39 -9.64 12.94
-1.80 19.15 -9.51 12.78
-1.60 18.91 -9.37 12.62
-1.41 18.66 -9.24 12.45
-1.22 18.41 -9.12 12.29
-1.02 18.16 -8.99 12.12
-0.84 17.91 -8.87 11.95
-0.65 17.66 -8.74 11.78
-0.47 17.40 -8.62 11.61
-0.29 17.14 -8.50 11.44
-0.11 16.88 -8.38 11.26
0.06 16.62 -8.27 11.09
0.23 16.36 -8.16 10.91
0.40 16.09 -8.04 10.74
0.57 15.83 -7.93 10.56
0.73 15.56 -7.82 10.38
0.89 15.29 -7.72 10.20
1.05 15.02 -7.61 10.02
1.20 14.74 -7.51 9.83
1.35 14.47 -7.41 9.65
1.50 14.19 -7.31 9.47
1.65 13.91 -7.22 9.28
1.79 13.63 -7.12 9.09
1.93 13.35 -7.03 8.91
2.07 13.07 -6.94 8.72
2.20 12.79 -6.85 8.53
2.33 12.50 -6.76 8.34
2.46 12.21 -6.68 8.15
2.58 11.93 -6.59 7.95
2.71 11.64 -6.51 7.76
2.83 11.34 -6.43 7.57
2.94 11.05 -6.36 7.37
3.05 10.76 -6.28 7.18
3.16 10.47 -6.21 6.98
3.27 10.17 -6.14 6.78
3.37 9.87 -6.07 6.58
3.47 9.58 -6.00 6.39
3.57 9.28 -5.94 6.19
3.67 8.98 -5.88 5.99
3.76 8.68 -5.82 5.79
3.85 8.37 -5.76 5.58
